0.015674 2.466367 -0.253986 0.019167 3.227034 0.022684 0.028745 3.227034 0.026170
0.199847 2.466368 -0.186952 0.028745 3.227034 0.026170 0.033842 3.227034 0.034997
0.292234 2.403041 -0.023413 0.033842 3.227034 0.034997 0.032072 3.227034 0.045035
0.263809 2.466367 0.175798 0.032072 3.227034 0.045035 0.024263 3.227034 0.051587
0.113670 2.466367 0.301780 0.024263 3.227034 0.051587 0.014070 3.227034 0.051587
-0.087932 2.403041 0.295584 0.014070 3.227034 0.051587 0.006262 3.227034 0.045035
-0.232462 2.466367 0.175798 0.006262 3.227034 0.045035 0.004492 3.227034 0.034997
0.028745 3.227034 0.026170 0.019167 3.227034 0.022684 0.009589 3.227034 0.026170
-0.174109 2.403041 -0.193148 0.009589 3.227034 0.026170 0.019167 3.227034 0.022684
-0.266496 2.466367 -0.017217 0.004492 3.227034 0.034997 0.009589 3.227034 0.026170
-0.005440 -0.809443 -0.939428 0.637348 -0.809443 -0.705472 0.979368 -1.003520 -0.113076
-1.162461 -1.054853 -0.150182 -0.862932 -0.453387 -0.094124 -0.569643 -0.516713 -0.618026
-0.766733 -1.118179 -0.851516 -0.569643 -0.516713 -0.618026 -0.002290 -0.453387 -0.816288
-1.023078 -1.054853 0.640299 -0.759126 -0.453387 0.494589 -0.862932 -0.453387 -0.094124
-0.413802 -1.118179 1.150053 -0.306797 -0.516713 0.872648 -0.759126 -0.453387 0.494589
0.394483 -1.054853 1.156250 0.296607 -0.453387 0.878845 -0.306797 -0.516713 0.872648
1.009368 -1.054853 0.640300 0.754545 -0.453387 0.494589 0.296607 -0.453387 0.878845
1.143143 -1.118179 -0.156378 0.858351 -0.453387 -0.094124 0.754545 -0.453387 0.494589
0.747414 -1.054853 -0.845319 0.559453 -0.453387 -0.611830 0.858351 -0.453387 -0.094124
-0.006855 -1.054853 -1.119851 -0.002290 -0.453387 -0.816288 0.559453 -0.453387 -0.611830
-0.470645 1.692862 -0.047718 -0.162981 2.516458 0.010068 -0.106769 2.453131 -0.103204
-0.309076 1.629535 -0.343475 -0.106769 2.453131 -0.103204 0.015024 2.516458 -0.139296
-0.412585 1.692862 0.281558 -0.141511 2.516458 0.131830 -0.162981 2.516458 0.010068
-0.162062 1.629536 0.490282 -0.052405 2.453131 0.205109 -0.141511 2.516458 0.131830
0.177903 1.692862 0.496478 0.076845 2.516458 0.211305 -0.052405 2.453131 0.205109
0.434034 1.692862 0.281558 0.171559 2.516458 0.131830 0.076845 2.516458 0.211305
0.486486 1.629535 -0.053915 0.193029 2.516458 0.010068 0.171559 2.516458 0.131830
0.324917 1.692862 -0.337279 0.131209 2.516458 -0.097008 0.193029 2.516458 0.010068
0.010725 1.692862 -0.451635 0.015024 2.516458 -0.139296 0.131209 2.516458 -0.097008
0.005286 0.842699 -0.671042 0.010529 1.745409 -0.315061 0.242392 1.745409 -0.230669
0.463775 0.842699 -0.504165 0.242392 1.745409 -0.230669 0.365764 1.745409 -0.016983
0.702124 0.779372 -0.087815 0.365764 1.745409 -0.016983 0.322917 1.745409 0.226012
0.623007 0.842699 0.398883 0.322917 1.745409 0.226012 0.133901 1.745409 0.384616
0.249243 0.842699 0.712509 0.133901 1.745409 0.384616 -0.118452 1.682083 0.378420
-0.244281 0.779373 0.706312 -0.118452 1.682083 0.378420 -0.301860 1.745409 0.226012
-0.612436 0.842699 0.398883 -0.301860 1.745409 0.226012 -0.344706 1.745409 -0.016983
-0.458813 0.779373 -0.510362 -0.226943 1.682082 -0.236866 0.010529 1.745409 -0.315061
-0.697161 0.842699 -0.081619 -0.344706 1.745409 -0.016983 -0.226943 1.682082 -0.236866
-0.864248 0.078844 -0.105654 -0.545192 0.894761 -0.046827 -0.359524 0.831434 -0.384325
-0.569569 0.015518 -0.631965 -0.359524 0.831434 -0.384325 0.005569 0.894761 -0.508971
-0.759959 0.078845 0.485799 -0.478762 0.894761 0.329916 -0.545192 0.894761 -0.046827
-0.305499 0.015518 0.865646 -0.191317 0.831434 0.569622 -0.478762 0.894761 0.329916
0.300687 0.078845 0.871843 0.196847 0.894761 0.575818 -0.191317 0.831434 0.569622
0.760756 0.078844 0.485799 0.489901 0.894761 0.329917 0.196847 0.894761 0.575818
0.859436 0.015518 -0.111850 0.556331 0.894761 -0.046827 0.489901 0.894761 0.329917
0.564756 0.078845 -0.625769 0.365054 0.894761 -0.378129 0.556331 0.894761 -0.046827
0.000399 0.078844 -0.831178 0.005569 0.894761 -0.508971 0.365054 0.894761 -0.378129
-0.003388 -0.512941 -0.997131 0.001149 0.136518 -0.681816 0.474390 0.136519 -0.509570
0.669916 -0.512940 -0.752068 0.474390 0.136519 -0.509570 0.726197 0.136518 -0.073428
1.022565 -0.576267 -0.137744 0.726197 0.136518 -0.073428 0.638746 0.136519 0.422534
0.903752 -0.512940 0.574081 0.638746 0.136519 0.422534 0.252955 0.136519 0.746250
0.354870 -0.512940 1.034648 0.252955 0.136519 0.746250 -0.256267 0.073192 0.740054
-0.367254 -0.576267 1.028452 -0.256267 0.073192 0.740054 -0.636448 0.136519 0.422534
-0.910528 -0.512940 0.574081 -0.636448 0.136519 0.422534 -0.723899 0.136518 -0.073428
-0.682301 -0.576267 -0.758265 -0.477702 0.073192 -0.515766 0.001149 0.136518 -0.681816
-1.034949 -0.512941 -0.131548 -0.723899 0.136518 -0.073428 -0.477702 0.073192 -0.515766
-0.162981 2.516458 0.010068 -0.266496 2.466367 -0.017217 -0.174109 2.403041 -0.193148
-0.106769 2.453131 -0.103204 -0.174109 2.403041 -0.193148 0.015674 2.466367 -0.253986
-0.141511 2.516458 0.131830 -0.232462 2.466367 0.175798 -0.266496 2.466367 -0.017217
-0.052405 2.453131 0.205109 -0.087932 2.403041 0.295584 -0.232462 2.466367 0.175798
0.076845 2.516458 0.211305 0.113670 2.466367 0.301780 -0.087932 2.403041 0.295584
0.171559 2.516458 0.131830 0.263809 2.466367 0.175798 0.113670 2.466367 0.301780
0.193029 2.516458 0.010068 0.292234 2.403041 -0.023413 0.263809 2.466367 0.175798
0.131209 2.516458 -0.097008 0.199847 2.466368 -0.186952 0.292234 2.403041 -0.023413
0.015024 2.516458 -0.139296 0.015674 2.466367 -0.253986 0.199847 2.466368 -0.186952
0.010529 1.745409 -0.315061 0.010725 1.692862 -0.451635 0.324917 1.692862 -0.337279
0.242392 1.745409 -0.230669 0.324917 1.692862 -0.337279 0.486486 1.629535 -0.053915
0.365764 1.745409 -0.016983 0.486486 1.629535 -0.053915 0.434034 1.692862 0.281558
0.322917 1.745409 0.226012 0.434034 1.692862 0.281558 0.177903 1.692862 0.496478
0.133901 1.745409 0.384616 0.177903 1.692862 0.496478 -0.162062 1.629536 0.490282
-0.118452 1.682083 0.378420 -0.162062 1.629536 0.490282 -0.412585 1.692862 0.281558
-0.301860 1.745409 0.226012 -0.412585 1.692862 0.281558 -0.470645 1.692862 -0.047718
-0.226943 1.682082 -0.236866 -0.309076 1.629535 -0.343475 0.010725 1.692862 -0.451635
-0.344706 1.745409 -0.016983 -0.470645 1.692862 -0.047718 -0.309076 1.629535 -0.343475
-0.545192 0.894761 -0.046827 -0.697161 0.842699 -0.081619 -0.458813 0.779373 -0.510362
-0.359524 0.831434 -0.384325 -0.458813 0.779373 -0.510362 0.005286 0.842699 -0.671042
-0.478762 0.894761 0.329916 -0.612436 0.842699 0.398883 -0.697161 0.842699 -0.081619
-0.191317 0.831434 0.569622 -0.244281 0.779373 0.706312 -0.612436 0.842699 0.398883
0.196847 0.894761 0.575818 0.249243 0.842699 0.712509 -0.244281 0.779373 0.706312
0.489901 0.894761 0.329917 0.623007 0.842699 0.398883 0.249243 0.842699 0.712509
0.556331 0.894761 -0.046827 0.702124 0.779372 -0.087815 0.623007 0.842699 0.398883
0.365054 0.894761 -0.378129 0.463775 0.842699 -0.504165 0.702124 0.779372 -0.087815
0.005569 0.894761 -0.508971 0.005286 0.842699 -0.671042 0.463775 0.842699 -0.504165
0.001149 0.136518 -0.681816 0.000399 0.078844 -0.831178 0.564756 0.078845 -0.625769
0.474390 0.136519 -0.509570 0.564756 0.078845 -0.625769 0.859436 0.015518 -0.111850
0.726197 0.136518 -0.073428 0.859436 0.015518 -0.111850 0.760756 0.078844 0.485799
0.638746 0.136519 0.422534 0.760756 0.078844 0.485799 0.300687 0.078845 0.871843
0.252955 0.136519 0.746250 0.300687 0.078845 0.871843 -0.305499 0.015518 0.865646
-0.256267 0.073192 0.740054 -0.305499 0.015518 0.865646 -0.759959 0.078845 0.485799
-0.636448 0.136519 0.422534 -0.759959 0.078845 0.485799 -0.864248 0.078844 -0.105654
-0.477702 0.073192 -0.515766 -0.569569 0.015518 -0.631965 0.000399 0.078844 -0.831178
-0.723899 0.136518 -0.073428 -0.864248 0.078844 -0.105654 -0.569569 0.015518 -0.631965
-0.862932 -0.453387 -0.094124 -1.034949 -0.512941 -0.131548 -0.682301 -0.576267 -0.758265
-0.569643 -0.516713 -0.618026 -0.682301 -0.576267 -0.758265 -0.003388 -0.512941 -0.997131
-0.759126 -0.453387 0.494589 -0.910528 -0.512940 0.574081 -1.034949 -0.512941 -0.131548
-0.306797 -0.516713 0.872648 -0.367254 -0.576267 1.028452 -0.910528 -0.512940 0.574081
0.296607 -0.453387 0.878845 0.354870 -0.512940 1.034648 -0.367254 -0.576267 1.028452
0.754545 -0.453387 0.494589 0.903752 -0.512940 0.574081 0.354870 -0.512940 1.034648
0.858351 -0.453387 -0.094124 1.022565 -0.576267 -0.137744 0.903752 -0.512940 0.574081
0.559453 -0.453387 -0.611830 0.669916 -0.512940 -0.752068 1.022565 -0.576267 -0.137744
-0.002290 -0.453387 -0.816288 -0.003388 -0.512941 -0.997131 0.669916 -0.512940 -0.752068
-0.005440 -0.809443 -0.939428 -0.006855 -1.054853 -1.119851 0.747414 -1.054853 -0.845319
0.637348 -0.809443 -0.705472 0.747414 -1.054853 -0.845319 1.143143 -1.118179 -0.156378
0.979368 -1.003520 -0.113076 1.143143 -1.118179 -0.156378 1.009368 -1.054853 0.640300
0.860586 -1.003520 0.560572 1.009368 -1.054853 0.640300 0.394483 -1.054853 1.156250
0.336580 -0.809443 1.000265 0.394483 -1.054853 1.156250 -0.413802 -1.118179 1.150053
-0.353069 -0.872769 0.994068 -0.413802 -1.118179 1.150053 -1.023078 -1.054853 0.640299
-0.871465 -1.003520 0.560572 -1.023078 -1.054853 0.640299 -1.162461 -1.054853 -0.150182
-0.653837 -1.066847 -0.711668 -0.766733 -1.118179 -0.851516 -0.006855 -1.054853 -1.119851
-0.990247 -1.003520 -0.113076 -1.162461 -1.054853 -0.150182 -0.766733 -1.118179 -0.851516
-0.018886 -1.314390 -0.264436 -0.018886 -0.720161 -0.373037 0.231064 -0.720161 -0.282063
0.161257 -1.314390 -0.198870 0.231064 -0.720161 -0.282063 0.364060 -0.720161 -0.051708
0.257109 -1.314390 -0.032850 0.364060 -0.720161 -0.051708 0.317871 -0.720161 0.210242
0.223820 -1.314390 0.155942 0.317871 -0.720161 0.210242 0.114110 -0.720161 0.381218
0.076966 -1.314390 0.279167 0.114110 -0.720161 0.381218 -0.151881 -0.720161 0.381218
-0.114738 -1.314390 0.279166 -0.151881 -0.720161 0.381218 -0.355642 -0.720161 0.210242
-0.261591 -1.314390 0.155942 -0.355642 -0.720161 0.210242 -0.401831 -0.720161 -0.051708
0.231064 -0.720161 -0.282063 -0.018886 -0.720161 -0.373037 -0.268836 -0.720161 -0.282063
-0.199028 -1.314390 -0.198870 -0.268836 -0.720161 -0.282063 -0.018886 -0.720161 -0.373037
-0.294880 -1.314390 -0.032850 -0.401831 -0.720161 -0.051708 -0.268836 -0.720161 -0.282063
-0.018886 -1.895607 -0.373037 0.231064 -1.895607 -0.282063 0.364060 -1.895607 -0.051708
-0.401831 -1.895607 -0.051708 -0.294880 -1.314390 -0.032850 -0.199028 -1.314390 -0.198870
-0.268836 -1.895607 -0.282063 -0.199028 -1.314390 -0.198870 -0.018886 -1.314390 -0.264436
-0.355642 -1.895607 0.210242 -0.261591 -1.314390 0.155942 -0.294880 -1.314390 -0.032850
-0.151881 -1.895607 0.381218 -0.114738 -1.314390 0.279166 -0.261591 -1.314390 0.155942
0.114110 -1.895607 0.381218 0.076966 -1.314390 0.279167 -0.114738 -1.314390 0.279166
0.317871 -1.895607 0.210242 0.223820 -1.314390 0.155942 0.076966 -1.314390 0.279167
0.364060 -1.895607 -0.051708 0.257109 -1.314390 -0.032850 0.223820 -1.314390 0.155942
0.231064 -1.895607 -0.282063 0.161257 -1.314390 -0.198870 0.257109 -1.314390 -0.032850
-0.018886 -1.895607 -0.373037 -0.018886 -1.314390 -0.264436 0.161257 -1.314390 -0.198870
